rotation:
  w: -0.4879469815381622
  x: 0.5040192100797245
  y: -0.5270945901744084
  z: -0.47962868146857063
translation:
  x: -0.12406924480786352
  y: 0.1653751084210855
  z: -0.12187700036603155
