rotation:
  w: 0.5097860711210958
  x: -0.5033451894950539
  y: 0.5027981219177611
  z: 0.4836898081405867
translation:
  x: -0.03510925577127527
  y: 0.19600106727625763
  z: -0.1821606972134118
