rotation:
  w: 1.0
  x: -2.44583936029208e-24
  y: -2.785630444684943e-23
  z: 2.2693276757314725e-24
translation:
  x: -1.6240806608865865e-21
  y: 4.825886394440363e-22
  z: 3.014554260721017e-22
