rotation:
  w: -0.3137772397974116
  x: -0.9448124042465283
  y: -0.09373537990177182
  z: -0.009329690331561129
translation:
  x: 0.269634447249495
  y: 1.0219596536432312
  z: 1.4030432463430076
