rotation:
  w: -0.3112161825666641
  x: -0.9461365696832056
  y: -0.08603103999484472
  z: -0.023848257255718878
translation:
  x: 0.24159984441335
  y: 1.0303736412599445
  z: 1.439007540336036
