rotation:
  w: 0.3836334561049269
  x: 0.91995454529648
  y: 0.07595701873789151
  z: 0.027194434169289617
translation:
  x: 0.4505613312178406
  y: 0.9208463918921628
  z: 1.3997667108159044
