rotation:
  w: -0.3133486052255531
  x: -0.9449293736172761
  y: -0.07602419105496033
  z: -0.056048665041208576
translation:
  x: 0.28099531605764355
  y: 1.0191103402988606
  z: 2.6279425064589472
