rotation:
  w: 0.3868421898995182
  x: 0.9190198908904599
  y: 0.07254515166154898
  z: 0.022198225871360642
translation:
  x: 0.4650528162068258
  y: 0.9407012553784475
  z: 1.4672354290784653
