rotation:
  w: -0.4614526848144163
  x: -0.8805327832771133
  y: -0.09143830931229815
  z: -0.05798683334978582
translation:
  x: 0.3263379872367348
  y: 1.1772475845962278
  z: 1.269898517608606
